cluster 0
[95, 179, 62, 31, 250, 248, 757, 59, 19, 12]
cluster 1
[356, 228, 64, 95, 9, 96, 633, 163, 74, 176]
cluster 2
[390, 95, 479, 179, 237, 174, 48, 33, 32, 389]
cluster 3
[95, 390, 199, 140, 32, 583, 546, 508, 268, 212]
cluster 4
[87, 28, 179, 95, 85, 62, 33, 31, 431, 59]
cluster 5
[28, 81, 1317, 5, 327, 55, 915, 263, 231, 431]
cluster 6
[479, 304, 95, 526, 390, 185, 176, 174, 33, 699]
cluster 7
[183, 464, 35, 328, 231, 163, 28, 1277, 95, 1397]
cluster 8
[28, 1328, 15, 179, 95, 87, 74, 33, 860, 328]
cluster 9
[179, 969, 87, 85, 74, 370, 970, 199, 389, 333]
