cluster 0
[179, 370, 275, 152, 151, 19, 4, 436, 502, 212]
cluster 1
[28, 121, 95, 328, 15, 765, 231, 634, 774, 559]
cluster 2
[28, 33, 15, 343, 359, 253, 50, 341, 32, 269]
cluster 3
[389, 471, 28, 95, 81, 464, 231, 751, 5, 1000]
cluster 4
[77, 56, 55, 94, 91, 81, 73, 86, 64, 102]
cluster 5
[179, 228, 28, 275, 17, 231, 36, 383, 95, 221]
cluster 6
[333, 179, 199, 74, 318, 329, 327, 81, 416, 73]
cluster 7
[28, 231, 95, 486, 58, 33, 121, 328, 24, 81]
cluster 8
[48, 34, 110, 28, 95, 141, 147, 32, 212, 10]
cluster 9
[356, 228, 176, 389, 64, 95, 479, 434, 1198, 401]
