cluster 0
[720, 4434, 869, 293, 216, 2149, 891, 825, 2851, 1890]
cluster 1
[30, 6267, 282, 143, 157, 64, 400, 31, 1854, 36]
cluster 2
[216, 212, 4, 939, 90, 1920, 432, 388, 37, 283]
cluster 3
[537, 30, 5354, 3463, 1811, 389, 212, 37, 3619, 91]
cluster 4
[2738, 252, 3666, 212, 436, 143, 3064, 1920, 871, 712]
cluster 5
[30, 609, 4760, 2057, 6416, 17, 2348, 288, 400, 4938]
cluster 6
[2094, 743, 2066, 100, 1034, 476, 2601, 30, 3013, 10]
cluster 7
[4434, 293, 200, 3013, 2851, 2601, 609, 312, 1890, 288]
cluster 8
[30, 305, 90, 2144, 2170, 210, 288, 477, 64, 489]
cluster 9
[4867, 30, 476, 965, 90, 201, 1090, 366, 26, 1022]
cluster 10
[3166, 30, 70, 216, 432, 864, 889, 720, 489, 283]
cluster 11
[216, 2149, 4588, 37, 467, 143, 19, 2749, 993, 283]
cluster 12
[30, 70, 123, 537, 4919, 246, 122, 791, 4878, 750]
cluster 13
[1056, 476, 1140, 432, 959, 288, 210, 283, 300, 90]
cluster 14
[432, 283, 188, 216, 555, 4, 965, 212, 585, 1090]
cluster 15
[83, 6267, 216, 965, 315, 26, 339, 36, 30, 959]
cluster 16
[424, 185, 1545, 720, 592, 288, 476, 90, 774, 289]
cluster 17
[7174, 1283, 237, 30, 2547, 1987, 1849, 36, 216, 283]
cluster 18
[476, 4588, 4760, 10, 204, 4, 5032, 3167, 1143, 1079]
cluster 19
[30, 1668, 4, 17, 1955, 1425, 288, 2192, 1398, 126]
cluster 20
[30, 7175, 289, 143, 181, 3990, 1646, 400, 2485, 609]
cluster 21
[476, 283, 212, 1920, 939, 98, 30, 288, 10, 4]
cluster 22
[70, 30, 288, 212, 4, 366, 432, 1143, 1155, 1697]
cluster 23
[720, 476, 30, 373, 5394, 348, 56, 4, 7673, 7669]
cluster 24
[30, 477, 461, 212, 1527, 993, 4920, 432, 400, 216]
cluster 25
[128, 70, 53, 30, 791, 262, 132, 22, 21, 178]
cluster 26
[330, 3595, 170, 288, 1151, 242, 216, 283, 3297, 922]
cluster 27
[4760, 216, 19, 5429, 2149, 287, 1874, 246, 396, 354]
cluster 28
[283, 216, 30, 432, 10, 3719, 188, 629, 540, 212]
cluster 29
[143, 4001, 993, 288, 37, 743, 171, 2749, 30, 558]
