cluster 0
[1404, 3235, 524, 143, 2414, 2303, 2476, 61, 90, 82]
cluster 1
[1140, 30, 33, 288, 36, 2013, 2547, 64, 143, 1527]
cluster 2
[36, 30, 55, 17, 416, 435, 312, 414, 497, 34]
cluster 3
[128, 1547, 889, 394, 262, 120, 53, 147, 132, 1541]
cluster 4
[30, 143, 400, 288, 869, 1079, 252, 1095, 287, 1080]
cluster 5
[952, 70, 289, 476, 1177, 432, 1059, 968, 266, 988]
cluster 6
[537, 750, 212, 3463, 37, 5354, 30, 53, 769, 432]
cluster 7
[609, 288, 396, 3064, 1143, 30, 596, 3053, 961, 852]
cluster 8
[473, 200, 330, 102, 266, 474, 36, 435, 46, 17]
cluster 9
[126, 3163, 30, 178, 1206, 432, 37, 858, 400, 222]
cluster 10
[216, 660, 283, 388, 405, 606, 111, 872, 870, 102]
cluster 11
[476, 887, 590, 96, 783, 30, 200, 90, 4, 303]
cluster 12
[90, 82, 102, 106, 601, 70, 212, 952, 1069, 60]
cluster 13
[488, 578, 4, 6026, 874, 728, 224, 652, 262, 47]
cluster 14
[477, 212, 188, 432, 1366, 1528, 601, 973, 184, 668]
cluster 15
[405, 216, 388, 83, 401, 516, 61, 399, 404, 34]
cluster 16
[30, 288, 36, 1283, 1062, 1955, 1527, 1425, 4281, 1985]
cluster 17
[216, 283, 339, 453, 266, 273, 19, 70, 10, 201]
cluster 18
[171, 611, 565, 559, 592, 288, 34, 577, 576, 1143]
cluster 19
[389, 601, 106, 993, 476, 561, 143, 1536, 1366, 488]
cluster 20
[638, 216, 339, 453, 21, 4, 11, 137, 489, 477]
cluster 21
[965, 1090, 1177, 432, 70, 90, 30, 22, 959, 33]
cluster 22
[283, 432, 212, 216, 70, 540, 82, 1920, 23, 10]
cluster 23
[30, 329, 1046, 1402, 852, 96, 288, 415, 2778, 720]
cluster 24
[743, 832, 2094, 1034, 255, 1455, 30, 143, 372, 2080]
cluster 25
[180, 61, 993, 82, 212, 114, 87, 102, 112, 37]
cluster 26
[2749, 3401, 1376, 83, 75, 536, 4463, 171, 3254, 30]
cluster 27
[712, 83, 698, 30, 8491, 216, 96, 34, 495, 1491]
cluster 28
[476, 590, 30, 578, 90, 98, 288, 216, 432, 31]
cluster 29
[30, 216, 288, 53, 283, 4, 432, 83, 170, 400]
