cluster 0
[30, 482, 70, 36, 283, 123, 7101, 122, 4588, 83]
cluster 1
[435, 212, 283, 3719, 288, 1920, 82, 246, 939, 216]
cluster 2
[70, 4, 1697, 2029, 216, 107, 297, 652, 1920, 288]
cluster 3
[435, 30, 7460, 945, 476, 200, 432, 312, 283, 400]
cluster 4
[609, 798, 143, 216, 396, 8, 453, 294, 7199, 405]
cluster 5
[30, 482, 1920, 70, 508, 266, 297, 2734, 336, 216]
cluster 6
[30, 952, 5755, 100, 2601, 90, 1059, 3013, 400, 216]
cluster 7
[83, 5583, 4670, 561, 3701, 1697, 216, 750, 91, 74]
cluster 8
[432, 70, 30, 288, 609, 283, 577, 405, 482, 2364]
cluster 9
[30, 2681, 339, 216, 3166, 720, 212, 482, 366, 4]
cluster 10
[30, 4, 4731, 126, 37, 308, 400, 5383, 4716, 601]
cluster 11
[2323, 30, 7347, 31, 123, 70, 216, 19, 3748, 881]
cluster 12
[222, 288, 856, 687, 83, 61, 5615, 46, 5613, 939]
cluster 13
[30, 4442, 26, 3031, 449, 1497, 445, 36, 4463, 1965]
cluster 14
[30, 476, 590, 283, 216, 98, 489, 1079, 400, 4008]
cluster 15
[70, 400, 1871, 7180, 965, 482, 4365, 126, 288, 3457]
cluster 16
[30, 656, 329, 9134, 2698, 4918, 4278, 216, 90, 288]
cluster 17
[476, 90, 608, 143, 68, 5077, 489, 3367, 1920, 2453]
cluster 18
[216, 128, 376, 4, 405, 1363, 360, 178, 98, 37]
cluster 19
[720, 4434, 869, 293, 216, 2149, 891, 825, 2851, 1890]
