cluster 0
[952, 70, 289, 476, 432, 1177, 1059, 968, 266, 988]
cluster 1
[30, 288, 36, 1140, 1283, 1527, 64, 143, 33, 1062]
cluster 2
[537, 750, 212, 3463, 37, 5354, 30, 288, 53, 769]
cluster 3
[30, 216, 288, 4, 53, 283, 432, 83, 34, 400]
cluster 4
[405, 216, 388, 83, 401, 516, 61, 399, 404, 34]
cluster 5
[2749, 3401, 1376, 83, 75, 536, 4463, 171, 3254, 80]
cluster 6
[30, 329, 1046, 1402, 852, 96, 288, 415, 333, 2778]
cluster 7
[90, 70, 60, 1237, 82, 1177, 430, 952, 61, 69]
cluster 8
[477, 212, 188, 1366, 432, 1528, 601, 668, 973, 184]
cluster 9
[638, 216, 339, 453, 21, 4, 183, 11, 489, 137]
cluster 10
[476, 590, 30, 90, 288, 96, 98, 578, 887, 783]
cluster 11
[609, 482, 288, 396, 30, 166, 432, 90, 283, 23]
cluster 12
[36, 30, 55, 17, 416, 435, 312, 414, 330, 497]
cluster 13
[30, 143, 400, 288, 869, 1079, 252, 432, 1095, 287]
cluster 14
[128, 120, 889, 124, 1547, 53, 394, 262, 147, 132]
cluster 15
[488, 601, 389, 106, 578, 561, 4, 476, 6026, 874]
cluster 16
[283, 432, 212, 216, 70, 540, 82, 1920, 23, 10]
cluster 17
[82, 212, 102, 106, 83, 61, 993, 601, 315, 180]
cluster 18
[216, 283, 339, 453, 273, 266, 19, 70, 193, 10]
cluster 19
[1404, 3235, 524, 143, 2414, 2303, 2476, 61, 90, 82]
